1
 139.73419256  35.66779160
 139.64380216  35.69482814
 139.53935103  35.70711748
 139.43992158  35.70711748
 139.35354853  35.71039463
 139.26817982  35.69318956
END
2
 139.73519690  35.67434591
 139.69100604  35.77921491
 139.62070239  35.84557733
 139.55843345  35.93160268
 139.48210377  35.96027779
 139.39673506  35.97010926
END
3
 139.74222726  35.67926165
 139.87680853  35.72432255
 139.99230738  35.73579259
 140.21326170  35.70220174
 140.30967813  35.68253880
END
4
 139.72917087  35.66615302
 139.53332500  35.60798350
 139.42385218  35.53424749
 139.35857022  35.46460792
 139.31739237  35.41790844
END
END
